0 0 0 4048224110
0 0 0 4425761704
0 0 0 6566557559
0 0 0 6566557559
0 0 0 5029861821
0 0 0 6333662398
0 0 0 6723929696
0 0 0 1069738173
0 0 0 8931834662
0 0 0 30313953
0 0 0 6333662398
0 0 0 5166974946
0 0 0 6920544877
0 0 0 5710620272
0 0 0 114502980
0 0 0 6333662398
0 0 0 5710620272
0 0 0 114502980
0 0 0 6333662398
0 0 0 5478470917
0 0 0 6333662398
0 0 0 1181007839
0 0 0 4425761704
0 0 0 114502980
0 0 0 1181007839
0 0 0 6333662398
0 0 0 3210440911
0 0 0 114502980
0 0 0 5710620272
0 0 0 9740266816
0 0 0 8392170543
0 0 0 6333662398
0 0 0 636869084
0 0 0 8116461188
0 0 0 4145686369
0 0 0 1052442567
0 0 0 1060068725
0 0 0 5710620272
0 0 0 1181007839
0 0 0 6333662398
0 0 0 8931834662
0 0 0 1069738173
0 0 0 8903785069
0 0 0 6333662398
0 0 0 6566557559
0 0 0 5029861821
0 0 0 9740266816
0 0 0 8392170543
0 0 0 6333662398
0 0 0 5478470917
0 0 0 10674010652
0 0 0 5710620272
0 0 0 1181007839
0 0 0 6920544877
0 0 0 6693035983
0 0 0 4425761704
0 0 0 1181007839
0 0 0 5710620272
0 0 0 6255208779
0 0 0 6777486763
